ZADANIE 1

>> gauss_seidle(4, 0.01, 500, 0, 300, 150)
   318.75   281.25
   193.75   156.25
>> gauss_seidle(9, 0.01, 500, 0, 300, 150)
   353.53   347.73   299.98
   266.48   237.46   202.21
   174.98   133.46   121.42
>> gauss_seidle(16, 0.01, 500, 0, 300, 150)
   370.40   380.81   363.77   309.06
   300.88   289.12   265.27   222.50
   244.08   209.59   185.74   165.69
   165.88   119.47   102.43   104.53
>> gauss_seidle(25, 0.01, 500, 0, 300, 150)
   379.574   398.929   395.181   372.895   314.000
   319.441   321.050   308.982   282.454   233.124
   277.229   256.956   237.338   214.876   186.064
   232.599   192.303   168.619   153.697   146.271
   160.919   111.097    91.188    85.052    95.331


ZADANIE 2

>> gauss_seidle(9, 0.01, 500, 0, 300, 150)
   353.53   347.73   299.98
   266.48   237.46   202.21
   174.98   133.46   121.42
>> diary off
>> A = [-4 1 0 1 0 0 0 0 0; 1 -4 1 0 1 0 0 0 0; 0 1 -4 0 0 1 0 0 0; 1 0 0 -4 1 0 1 0 0; 0 1 0 1 -4 1 0 1 0; 0 0 1 0 1 -4 0 0 1; 0 0 0 1 0 0 -4 1 0; 0 0 0 0 1 0 1 -4 1; 0 0 0 0 0 1 0 1 -4]
A =

  -4   1   0   1   0   0   0   0   0
   1  -4   1   0   1   0   0   0   0
   0   1  -4   0   0   1   0   0   0
   1   0   0  -4   1   0   1   0   0
   0   1   0   1  -4   1   0   1   0
   0   0   1   0   1  -4   0   0   1
   0   0   0   1   0   0  -4   1   0
   0   0   0   0   1   0   1  -4   1
   0   0   0   0   0   1   0   1  -4

>> A_inv = inv(A)
A_inv =

  -0.299107  -0.098214  -0.031250  -0.098214  -0.062500  -0.026786  -0.031250  -0.026786  -0.013393
  -0.098214  -0.330357  -0.098214  -0.062500  -0.125000  -0.062500  -0.026786  -0.044643  -0.026786
  -0.031250  -0.098214  -0.299107  -0.026786  -0.062500  -0.098214  -0.013393  -0.026786  -0.031250
  -0.098214  -0.062500  -0.026786  -0.330357  -0.125000  -0.044643  -0.098214  -0.062500  -0.026786
  -0.062500  -0.125000  -0.062500  -0.125000  -0.375000  -0.125000  -0.062500  -0.125000  -0.062500
  -0.026786  -0.062500  -0.098214  -0.044643  -0.125000  -0.330357  -0.026786  -0.062500  -0.098214
  -0.031250  -0.026786  -0.013393  -0.098214  -0.062500  -0.026786  -0.299107  -0.098214  -0.031250
  -0.026786  -0.044643  -0.026786  -0.062500  -0.125000  -0.062500  -0.098214  -0.330357  -0.098214
  -0.013393  -0.026786  -0.031250  -0.026786  -0.062500  -0.098214  -0.031250  -0.098214  -0.299107

>> C = [-800; -300; -300; -500; 0; 0; -650; -150; -150]
C =

  -800
  -300
  -300
  -500
     0
     0
  -650
  -150
  -150

>> V = A_inv * C
V =

   353.57
   266.52
   175.00
   347.77
   237.50
   133.48
   300.00
   202.23
   121.43

>> gauss_seidle(9, 0.01, 500, 0, 300, 150)
   353.53   347.73   299.98
   266.48   237.46   202.21
   174.98   133.46   121.42
>> diary off


Ró¿nice miêdzy wynikami s¹ bardzo nieznaczne, wszystko zale¿y od przyjêtej niepewnoœci dla metody gauss_seidler.
Metoda bezpoœrednia jest dok³adniejsza, dlatego wraz ze zmniejszaniem eps podawanej funkcji wynik bêdzie zbli¿a³ siê do wyniku z metody bezpoœredniej.